N<-20
x<-c(3060, 2840, 1780, 3280, 3550, 2450, 2200,
3070, 2100, 4100, 3630, 3060, 3280, 1870,
2980, 3120, 2150, 3830, 4300, 1880)
